1       47534328        51534328        r1
2       133742429       137242430       r2
2       182135273       189135274       r3
3       47458510        49962567        r4
3       83450849        86950850        r5
5       98664296        101164296       r6
5       129664307       132664308       r7
5       136164311       139164311       r8
6       24999772        35032223        r9
6       139678863       142178863       r10
8       7142478 13142491        r11
8       110987771       113987771       r12
11      87789108        90766832        r13
12      109062195       111562196       r14
20      33412194        35912078        r15